results = [
0 2 80 2.5025e-07
1 2 80 2.4803e-07
2 1 32 2.3585e-07
] ; resid = 0 ;
lnz = 5 ;
t = 7.01001e-08 ;   % dense solve time
